{
  "nbformat": 4,
  "nbformat_minor": 0,
  "metadata": {
    "colab": {
      "provenance": [],
      "collapsed_sections": [
        "GfZ5vY5wRjkJ"
      ]
    },
    "kernelspec": {
      "name": "python3",
      "display_name": "Python 3"
    },
    "language_info": {
      "name": "python"
    }
  },
  "cells": [
    {
      "cell_type": "markdown",
      "source": [
        "# Stock NeurIPS2018 Part 3. Backtest\n",
        "This series is a reproduction of paper *the process in the paper Practical Deep Reinforcement Learning Approach for Stock Trading*. \n",
        "\n",
        "This is the third and last part of the NeurIPS2018 series, introducing how to use use the agents we trained to do backtest, and compare with baselines such as Mean Variance Optimization and DJIA index.\n",
        "\n",
        "Other demos can be found at the repo of [FinRL-Tutorials]((https://github.com/AI4Finance-Foundation/FinRL-Tutorials))."
      ],
      "metadata": {
        "id": "v7Cycmf3Zbok"
      }
    },
    {
      "cell_type": "markdown",
      "source": [
        "# Part 1. Install Packages"
      ],
      "metadata": {
        "id": "1oWbj4HgqHBg"
      }
    },
    {
      "cell_type": "code",
      "execution_count": null,
      "metadata": {
        "id": "QJgoEYx3p_NG"
      },
      "outputs": [],
      "source": [
        "## install required packages\n",
        "!pip install swig\n",
        "!pip install wrds\n",
        "!pip install pyportfolioopt\n",
        "## install finrl library\n",
        "!pip install git+https://github.com/AI4Finance-Foundation/FinRL.git"
      ]
    },
    {
      "cell_type": "code",
      "source": [
        "import sys\n",
        "import pandas as pd\n",
        "import numpy as np\n",
        "import matplotlib.pyplot as plt\n",
        "\n",
        "from finrl.meta.preprocessor.yahoodownloader import YahooDownloader\n",
        "from finrl.meta.env_stock_trading.env_stocktrading import StockTradingEnv\n",
        "from finrl.agents.stablebaselines3.models import DRLAgent\n",
        "from stable_baselines3 import A2C, DDPG, PPO, SAC, TD3\n",
        "\n",
        "%matplotlib inline\n",
        "from finrl.config import INDICATORS"
      ],
      "metadata": {
        "id": "mqfBOKz-qJYF"
      },
      "execution_count": 38,
      "outputs": []
    },
    {
      "cell_type": "code",
      "source": [],
      "metadata": {
        "id": "kyv8fz5rqM7H"
      },
      "execution_count": 3,
      "outputs": []
    },
    {
      "cell_type": "markdown",
      "source": [
        "# Part 2. Backtesting"
      ],
      "metadata": {
        "id": "mUF2P4hmqVjh"
      }
    },
    {
      "cell_type": "markdown",
      "source": [
        "To backtest the agents, upload trade_data.csv in the same directory of this notebook. For Colab users, just upload trade_data.csv to the default directory."
      ],
      "metadata": {
        "id": "BdU6qLsVWDxI"
      }
    },
    {
      "cell_type": "code",
      "source": [
        "train = pd.read_csv('train_data.csv')\n",
        "trade = pd.read_csv('trade_data.csv')\n",
        "\n",
        "# If you are not using the data generated from part 1 of this tutorial, make sure \n",
        "# it has the columns and index in the form that could be make into the environment. \n",
        "# Then you can comment and skip the following lines.\n",
        "train = train.set_index(train.columns[0])\n",
        "train.index.names = ['']\n",
        "trade = trade.set_index(trade.columns[0])\n",
        "trade.index.names = ['']"
      ],
      "metadata": {
        "id": "mSjBHn_MZr4U"
      },
      "execution_count": 10,
      "outputs": []
    },
    {
      "cell_type": "markdown",
      "source": [
        "Then, upload the trained agent to the same directory, and set the corresponding variable to True."
      ],
      "metadata": {
        "id": "qu4Ey54b36oL"
      }
    },
    {
      "cell_type": "code",
      "source": [
        "if_using_a2c = True\n",
        "if_using_ddpg = False\n",
        "if_using_ppo = False\n",
        "if_using_td3 = False\n",
        "if_using_sac = False"
      ],
      "metadata": {
        "id": "Z_mVZM4IIa55"
      },
      "execution_count": 4,
      "outputs": []
    },
    {
      "cell_type": "markdown",
      "source": [
        "Load the agents"
      ],
      "metadata": {
        "id": "73D4oRqAIkYj"
      }
    },
    {
      "cell_type": "code",
      "source": [
        "trained_a2c = A2C.load(\"trained_models/agent_a2c\") if if_using_a2c else None\n",
        "trained_ddpg = DDPG.load(\"trained_models/agent_ddpg\") if if_using_ddpg else None\n",
        "trained_ppo = PPO.load(\"trained_models/agent_ppo\") if if_using_ppo else None\n",
        "trained_td3 = TD3.load(\"trained_models/agent_td3\") if if_using_td3 else None\n",
        "trained_sac = SAC.load(\"trained_models/agent_sac\") if if_using_sac else None"
      ],
      "metadata": {
        "id": "6CagrX0I36ZN"
      },
      "execution_count": 43,
      "outputs": []
    },
    {
      "cell_type": "markdown",
      "metadata": {
        "id": "U5mmgQF_h1jQ"
      },
      "source": [
        "### Trading (Out-of-sample Performance)\n",
        "\n",
        "We update periodically in order to take full advantage of the data, e.g., retrain quarterly, monthly or weekly. We also tune the parameters along the way, in this notebook we use the in-sample data from 2009-01 to 2020-07 to tune the parameters once, so there is some alpha decay here as the length of trade date extends. \n",
        "\n",
        "Numerous hyperparameters – e.g. the learning rate, the total number of samples to train on – influence the learning process and are usually determined by testing some variations."
      ]
    },
    {
      "cell_type": "code",
      "source": [
        "stock_dimension = len(trade.tic.unique())\n",
        "state_space = 1 + 2*stock_dimension + len(INDICATORS)*stock_dimension\n",
        "print(f\"Stock Dimension: {stock_dimension}, State Space: {state_space}\")"
      ],
      "metadata": {
        "colab": {
          "base_uri": "https://localhost:8080/"
        },
        "id": "4H_w3SaBAkKU",
        "outputId": "fdaed3a7-d3a9-4cde-d194-ee4576057175"
      },
      "execution_count": 6,
      "outputs": [
        {
          "output_type": "stream",
          "name": "stdout",
          "text": [
            "Stock Dimension: 29, State Space: 291\n"
          ]
        }
      ]
    },
    {
      "cell_type": "code",
      "source": [
        "buy_cost_list = sell_cost_list = [0.001] * stock_dimension\n",
        "num_stock_shares = [0] * stock_dimension\n",
        "\n",
        "env_kwargs = {\n",
        "    \"hmax\": 100,\n",
        "    \"initial_amount\": 1000000,\n",
        "    \"num_stock_shares\": num_stock_shares,\n",
        "    \"buy_cost_pct\": buy_cost_list,\n",
        "    \"sell_cost_pct\": sell_cost_list,\n",
        "    \"state_space\": state_space,\n",
        "    \"stock_dim\": stock_dimension,\n",
        "    \"tech_indicator_list\": INDICATORS,\n",
        "    \"action_space\": stock_dimension,\n",
        "    \"reward_scaling\": 1e-4\n",
        "}"
      ],
      "metadata": {
        "id": "nKNmQMqGAknW"
      },
      "execution_count": 7,
      "outputs": []
    },
    {
      "cell_type": "code",
      "execution_count": 8,
      "metadata": {
        "id": "cIqoV0GSI52v"
      },
      "outputs": [],
      "source": [
        "e_trade_gym = StockTradingEnv(df = trade, turbulence_threshold = 70,risk_indicator_col='vix', **env_kwargs)\n",
        "# env_trade, obs_trade = e_trade_gym.get_sb_env()"
      ]
    },
    {
      "cell_type": "code",
      "source": [
        "df_account_value_a2c, df_actions_a2c = DRLAgent.DRL_prediction(\n",
        "    model=trained_a2c, \n",
        "    environment = e_trade_gym) if if_using_a2c else (None, None)"
      ],
      "metadata": {
        "id": "lbFchno5j3xs",
        "colab": {
          "base_uri": "https://localhost:8080/"
        },
        "outputId": "44fffa47-3b47-4e7b-96c2-0a485e9efead"
      },
      "execution_count": 44,
      "outputs": [
        {
          "output_type": "stream",
          "name": "stdout",
          "text": [
            "hit end!\n"
          ]
        }
      ]
    },
    {
      "cell_type": "code",
      "source": [
        "df_account_value_ddpg, df_actions_ddpg = DRLAgent.DRL_prediction(\n",
        "    model=trained_ddpg, \n",
        "    environment = e_trade_gym) if if_using_ddpg else (None, None)"
      ],
      "metadata": {
        "id": "JbYljWGjj3pH"
      },
      "execution_count": null,
      "outputs": []
    },
    {
      "cell_type": "code",
      "source": [
        "df_account_value_ppo, df_actions_ppo = DRLAgent.DRL_prediction(\n",
        "    model=trained_ppo, \n",
        "    environment = e_trade_gym) if if_using_ppo else (None, None)"
      ],
      "metadata": {
        "id": "74jNP2DBj3hb"
      },
      "execution_count": null,
      "outputs": []
    },
    {
      "cell_type": "code",
      "source": [
        "df_account_value_td3, df_actions_td3 = DRLAgent.DRL_prediction(\n",
        "    model=trained_td3, \n",
        "    environment = e_trade_gym) if if_using_td3 else (None, None)"
      ],
      "metadata": {
        "id": "S7VyGGJPj3SH"
      },
      "execution_count": null,
      "outputs": []
    },
    {
      "cell_type": "code",
      "execution_count": null,
      "metadata": {
        "id": "eLOnL5eYh1jR",
        "colab": {
          "base_uri": "https://localhost:8080/"
        },
        "outputId": "70e50e24-aed5-49f9-cdd7-de6b9689d9ce"
      },
      "outputs": [
        {
          "output_type": "stream",
          "name": "stdout",
          "text": [
            "hit end!\n"
          ]
        }
      ],
      "source": [
        "df_account_value_sac, df_actions_sac = DRLAgent.DRL_prediction(\n",
        "    model=trained_sac, \n",
        "    environment = e_trade_gym) if if_using_sac else (None, None)"
      ]
    },
    {
      "cell_type": "markdown",
      "metadata": {
        "id": "GcE-t08w6DaW"
      },
      "source": [
        "# Part 3: Mean Variance Optimization"
      ]
    },
    {
      "cell_type": "markdown",
      "source": [
        "Mean Variance optimization is a very classic strategy in portfolio management. Here, we go through the whole process to do the mean variance optimization and add it as a baseline to compare.\n",
        "\n",
        "First, process dataframe to the form for MVO weight calculation."
      ],
      "metadata": {
        "id": "17TUs71EWj09"
      }
    },
    {
      "cell_type": "code",
      "source": [
        "def process_df_for_mvo(df):\n",
        "  df = df.sort_values(['date','tic'],ignore_index=True)[['date','tic','close']]\n",
        "  fst = df\n",
        "  fst = fst.iloc[0:stock_dimension, :]\n",
        "  tic = fst['tic'].tolist()\n",
        "\n",
        "  mvo = pd.DataFrame()\n",
        "\n",
        "  for k in range(len(tic)):\n",
        "    mvo[tic[k]] = 0\n",
        "\n",
        "  for i in range(df.shape[0]//stock_dimension):\n",
        "    n = df\n",
        "    n = n.iloc[i * stock_dimension:(i+1) * stock_dimension, :]\n",
        "    date = n['date'][i*stock_dimension]\n",
        "    mvo.loc[date] = n['close'].tolist()\n",
        "  \n",
        "  return mvo"
      ],
      "metadata": {
        "id": "wungSNOwPwKR"
      },
      "execution_count": 16,
      "outputs": []
    },
    {
      "cell_type": "markdown",
      "source": [
        "### Helper functions for mean returns and variance-covariance matrix"
      ],
      "metadata": {
        "id": "SwEwkHJ1d_6u"
      }
    },
    {
      "cell_type": "code",
      "execution_count": 13,
      "metadata": {
        "id": "6KvXkpyE8MFq"
      },
      "outputs": [],
      "source": [
        "# Codes in this section partially refer to Dr G A Vijayalakshmi Pai\n",
        "\n",
        "# https://www.kaggle.com/code/vijipai/lesson-5-mean-variance-optimization-of-portfolios/notebook\n",
        "\n",
        "def StockReturnsComputing(StockPrice, Rows, Columns): \n",
        "  import numpy as np \n",
        "  StockReturn = np.zeros([Rows-1, Columns]) \n",
        "  for j in range(Columns):        # j: Assets \n",
        "    for i in range(Rows-1):     # i: Daily Prices \n",
        "      StockReturn[i,j]=((StockPrice[i+1, j]-StockPrice[i,j])/StockPrice[i,j])* 100 \n",
        "      \n",
        "  return StockReturn"
      ]
    },
    {
      "cell_type": "markdown",
      "source": [
        "### Calculate the weights for mean-variance"
      ],
      "metadata": {
        "id": "IeVVbuwveJ_5"
      }
    },
    {
      "cell_type": "code",
      "source": [
        "StockData = process_df_for_mvo(train)\n",
        "TradeData = process_df_for_mvo(trade)\n",
        "\n",
        "TradeData.to_numpy()"
      ],
      "metadata": {
        "colab": {
          "base_uri": "https://localhost:8080/"
        },
        "id": "kE8nruKLQYLO",
        "outputId": "42d07c80-f309-49f8-f2b4-36a51987086f"
      },
      "execution_count": 17,
      "outputs": [
        {
          "output_type": "execute_result",
          "data": {
            "text/plain": [
              "array([[ 89.49456024, 234.61433411,  91.07846832, ...,  47.76709366,\n",
              "         36.29002762, 115.09746552],\n",
              "       [ 89.49456024, 237.48353577,  91.34962463, ...,  47.87194443,\n",
              "         37.26651764, 114.63587189],\n",
              "       [ 91.88857269, 235.65348816,  93.52853394, ...,  48.26512146,\n",
              "         38.31402969, 114.32817841],\n",
              "       ...,\n",
              "       [147.34197998, 197.85211182, 179.35401917, ...,  49.07957077,\n",
              "         45.98464966, 147.1452179 ],\n",
              "       [148.01602173, 198.85264587, 178.01608276, ...,  49.54628754,\n",
              "         45.13446426, 145.86064148],\n",
              "       [147.55014038, 196.8515625 , 175.14343262, ...,  49.12624741,\n",
              "         44.02268982, 144.66435242]])"
            ]
          },
          "metadata": {},
          "execution_count": 17
        }
      ]
    },
    {
      "cell_type": "code",
      "execution_count": 18,
      "metadata": {
        "id": "u6_O6vrn_uD4",
        "colab": {
          "base_uri": "https://localhost:8080/"
        },
        "outputId": "0c2f8bf7-07e7-4fe5-c409-93312b95a8dd"
      },
      "outputs": [
        {
          "output_type": "stream",
          "name": "stdout",
          "text": [
            "Mean returns of assets in k-portfolio 1\n",
            " [0.136 0.068 0.086 0.083 0.066 0.134 0.06  0.035 0.072 0.056 0.103 0.073\n",
            " 0.033 0.076 0.047 0.073 0.042 0.056 0.054 0.056 0.103 0.089 0.041 0.053\n",
            " 0.104 0.11  0.044 0.042 0.042]\n",
            "Variance-Covariance matrix of returns\n",
            " [[3.156 1.066 1.768 1.669 1.722 1.814 1.569 1.302 1.302 1.811 1.303 1.432\n",
            "  1.218 1.674 0.74  1.839 0.719 0.884 1.241 0.823 1.561 1.324 0.752 1.027\n",
            "  1.298 1.466 0.657 1.078 0.631]\n",
            " [1.066 2.571 1.306 1.123 1.193 1.319 1.116 1.053 1.045 1.269 1.068 1.089\n",
            "  0.899 1.218 0.926 1.391 0.682 0.727 1.025 1.156 1.166 0.984 0.798 0.956\n",
            "  1.259 1.111 0.688 1.091 0.682]\n",
            " [1.768 1.306 4.847 2.73  2.6   2.128 1.944 2.141 2.17  3.142 1.932 2.283\n",
            "  1.56  2.012 0.993 3.707 1.094 1.319 1.845 1.236 1.899 1.894 1.041 1.921\n",
            "  1.823 2.314 0.986 1.421 0.707]\n",
            " [1.669 1.123 2.73  4.892 2.363 1.979 1.7   2.115 1.959 2.387 1.773 2.319\n",
            "  1.571 1.797 0.968 2.597 1.144 1.298 1.643 1.071 1.615 1.775 0.91  1.666\n",
            "  1.707 1.784 0.82  1.345 0.647]\n",
            " [1.722 1.193 2.6   2.363 4.019 2.127 1.917 2.059 1.817 2.46  1.577 2.238\n",
            "  1.513 1.929 0.925 2.64  0.947 0.971 1.894 1.089 1.711 1.642 0.865 1.456\n",
            "  1.478 1.687 0.92  1.326 0.697]\n",
            " [1.814 1.319 2.128 1.979 2.127 5.384 1.974 1.549 1.683 2.122 1.624 1.771\n",
            "  1.441 1.939 0.846 2.191 0.837 1.075 1.475 1.041 1.978 1.768 0.784 1.328\n",
            "  1.365 1.912 0.787 1.28  0.666]\n",
            " [1.569 1.116 1.944 1.7   1.917 1.974 3.081 1.483 1.534 1.937 1.367 1.62\n",
            "  1.399 1.843 0.894 2.057 0.794 0.905 1.438 1.014 1.72  1.382 0.865 1.206\n",
            "  1.273 1.488 0.811 1.173 0.753]\n",
            " [1.302 1.053 2.141 2.115 2.059 1.549 1.483 2.842 1.525 2.044 1.428 1.783\n",
            "  1.308 1.533 0.878 2.279 0.938 1.092 1.385 1.078 1.429 1.314 0.831 1.459\n",
            "  1.466 1.48  0.83  1.042 0.567]\n",
            " [1.302 1.045 2.17  1.959 1.817 1.683 1.534 1.525 2.661 1.987 1.454 1.748\n",
            "  1.217 1.475 0.791 2.216 0.896 0.973 1.396 0.949 1.379 1.407 0.859 1.268\n",
            "  1.281 1.454 0.81  1.143 0.667]\n",
            " [1.811 1.269 3.142 2.387 2.46  2.122 1.937 2.044 1.987 4.407 1.789 2.12\n",
            "  1.593 1.982 0.945 3.96  0.956 1.094 1.758 1.157 1.788 1.692 0.905 1.879\n",
            "  1.712 2.    0.945 1.421 0.713]\n",
            " [1.303 1.068 1.932 1.773 1.577 1.624 1.367 1.428 1.454 1.789 2.373 1.51\n",
            "  1.166 1.501 0.756 1.941 0.824 0.998 1.239 0.887 1.366 1.414 0.797 1.299\n",
            "  1.296 1.41  0.764 1.071 0.783]\n",
            " [1.432 1.089 2.283 2.319 2.238 1.771 1.62  1.783 1.748 2.12  1.51  2.516\n",
            "  1.326 1.575 0.889 2.345 0.958 1.022 1.623 1.02  1.489 1.532 0.848 1.377\n",
            "  1.444 1.547 0.81  1.211 0.63 ]\n",
            " [1.218 0.899 1.56  1.571 1.513 1.441 1.399 1.308 1.217 1.593 1.166 1.326\n",
            "  2.052 1.399 0.727 1.749 0.786 0.795 1.154 0.829 1.296 1.12  0.743 1.105\n",
            "  1.088 1.214 0.739 0.998 0.598]\n",
            " [1.674 1.218 2.012 1.797 1.929 1.939 1.843 1.533 1.475 1.982 1.501 1.575\n",
            "  1.399 3.289 0.853 2.112 0.85  0.89  1.412 1.002 1.9   1.352 0.842 1.317\n",
            "  1.334 1.487 0.847 1.165 0.766]\n",
            " [0.74  0.926 0.993 0.968 0.925 0.846 0.894 0.878 0.791 0.945 0.756 0.889\n",
            "  0.727 0.853 1.153 1.027 0.642 0.59  0.848 0.892 0.825 0.748 0.694 0.761\n",
            "  0.929 0.819 0.61  0.806 0.547]\n",
            " [1.839 1.391 3.707 2.597 2.64  2.191 2.057 2.279 2.216 3.96  1.941 2.345\n",
            "  1.749 2.112 1.027 5.271 1.08  1.235 1.892 1.297 1.91  1.85  1.068 2.164\n",
            "  1.85  2.169 1.112 1.555 0.779]\n",
            " [0.719 0.682 1.094 1.144 0.947 0.837 0.794 0.938 0.896 0.956 0.824 0.958\n",
            "  0.786 0.85  0.642 1.08  1.264 0.679 0.804 0.74  0.819 0.845 0.749 0.891\n",
            "  0.849 0.794 0.633 0.719 0.514]\n",
            " [0.884 0.727 1.319 1.298 0.971 1.075 0.905 1.092 0.973 1.094 0.998 1.022\n",
            "  0.795 0.89  0.59  1.235 0.679 1.518 0.816 0.719 0.943 1.027 0.615 1.\n",
            "  0.947 0.994 0.533 0.673 0.504]\n",
            " [1.241 1.025 1.845 1.643 1.894 1.475 1.438 1.385 1.396 1.758 1.239 1.623\n",
            "  1.154 1.412 0.848 1.892 0.804 0.816 2.028 0.9   1.265 1.243 0.787 1.194\n",
            "  1.193 1.282 0.752 1.099 0.622]\n",
            " [0.823 1.156 1.236 1.071 1.089 1.041 1.014 1.078 0.949 1.157 0.887 1.02\n",
            "  0.829 1.002 0.892 1.297 0.74  0.719 0.9   2.007 0.952 0.849 0.732 1.008\n",
            "  1.15  0.933 0.722 0.897 0.614]\n",
            " [1.561 1.166 1.899 1.615 1.711 1.978 1.72  1.429 1.379 1.788 1.366 1.489\n",
            "  1.296 1.9   0.825 1.91  0.819 0.943 1.265 0.952 2.759 1.308 0.832 1.214\n",
            "  1.285 1.493 0.793 1.113 0.705]\n",
            " [1.324 0.984 1.894 1.775 1.642 1.768 1.382 1.314 1.407 1.692 1.414 1.532\n",
            "  1.12  1.352 0.748 1.85  0.845 1.027 1.243 0.849 1.308 2.864 0.751 1.153\n",
            "  1.26  1.411 0.71  1.046 0.651]\n",
            " [0.752 0.798 1.041 0.91  0.865 0.784 0.865 0.831 0.859 0.905 0.797 0.848\n",
            "  0.743 0.842 0.694 1.068 0.749 0.615 0.787 0.732 0.832 0.751 1.289 0.806\n",
            "  0.766 0.763 0.663 0.797 0.645]\n",
            " [1.027 0.956 1.921 1.666 1.456 1.328 1.206 1.459 1.268 1.879 1.299 1.377\n",
            "  1.105 1.317 0.761 2.164 0.891 1.    1.194 1.008 1.214 1.153 0.806 2.27\n",
            "  1.259 1.294 0.812 0.986 0.676]\n",
            " [1.298 1.259 1.823 1.707 1.478 1.365 1.273 1.466 1.281 1.712 1.296 1.444\n",
            "  1.088 1.334 0.929 1.85  0.849 0.947 1.193 1.15  1.285 1.26  0.766 1.259\n",
            "  3.352 1.267 0.697 1.137 0.685]\n",
            " [1.466 1.111 2.314 1.784 1.687 1.912 1.488 1.48  1.454 2.    1.41  1.547\n",
            "  1.214 1.487 0.819 2.169 0.794 0.994 1.282 0.933 1.493 1.411 0.763 1.294\n",
            "  1.267 2.982 0.709 1.007 0.656]\n",
            " [0.657 0.688 0.986 0.82  0.92  0.787 0.811 0.83  0.81  0.945 0.764 0.81\n",
            "  0.739 0.847 0.61  1.112 0.633 0.533 0.752 0.722 0.793 0.71  0.663 0.812\n",
            "  0.697 0.709 1.371 0.697 0.561]\n",
            " [1.078 1.091 1.421 1.345 1.326 1.28  1.173 1.042 1.143 1.421 1.071 1.211\n",
            "  0.998 1.165 0.806 1.555 0.719 0.673 1.099 0.897 1.113 1.046 0.797 0.986\n",
            "  1.137 1.007 0.697 3.073 0.759]\n",
            " [0.631 0.682 0.707 0.647 0.697 0.666 0.753 0.567 0.667 0.713 0.783 0.63\n",
            "  0.598 0.766 0.547 0.779 0.514 0.504 0.622 0.614 0.705 0.651 0.645 0.676\n",
            "  0.685 0.656 0.561 0.759 1.452]]\n"
          ]
        }
      ],
      "source": [
        "#compute asset returns\n",
        "arStockPrices = np.asarray(StockData)\n",
        "[Rows, Cols]=arStockPrices.shape\n",
        "arReturns = StockReturnsComputing(arStockPrices, Rows, Cols)\n",
        "\n",
        "#compute mean returns and variance covariance matrix of returns\n",
        "meanReturns = np.mean(arReturns, axis = 0)\n",
        "covReturns = np.cov(arReturns, rowvar=False)\n",
        " \n",
        "#set precision for printing results\n",
        "np.set_printoptions(precision=3, suppress = True)\n",
        "\n",
        "#display mean returns and variance-covariance matrix of returns\n",
        "print('Mean returns of assets in k-portfolio 1\\n', meanReturns)\n",
        "print('Variance-Covariance matrix of returns\\n', covReturns)"
      ]
    },
    {
      "cell_type": "markdown",
      "source": [
        "### Use PyPortfolioOpt"
      ],
      "metadata": {
        "id": "zC7r-cI8RR1X"
      }
    },
    {
      "cell_type": "code",
      "source": [
        "from pypfopt.efficient_frontier import EfficientFrontier\n",
        "\n",
        "ef_mean = EfficientFrontier(meanReturns, covReturns, weight_bounds=(0, 0.5))\n",
        "raw_weights_mean = ef_mean.max_sharpe()\n",
        "cleaned_weights_mean = ef_mean.clean_weights()\n",
        "mvo_weights = np.array([1000000 * cleaned_weights_mean[i] for i in range(29)])\n",
        "mvo_weights"
      ],
      "metadata": {
        "id": "b1btTONEdCU4",
        "colab": {
          "base_uri": "https://localhost:8080/"
        },
        "outputId": "75096462-7dfb-4ce6-c6f4-4671f11e79fc"
      },
      "execution_count": 19,
      "outputs": [
        {
          "output_type": "execute_result",
          "data": {
            "text/plain": [
              "array([424250.,      0.,      0.,      0.,      0., 108650.,      0.,\n",
              "            0.,      0.,      0., 181450.,      0.,      0.,      0.,\n",
              "            0.,      0.,      0.,      0.,      0.,      0.,  16960.,\n",
              "            0.,      0.,      0., 133540., 135150.,      0.,      0.,\n",
              "            0.])"
            ]
          },
          "metadata": {},
          "execution_count": 19
        }
      ]
    },
    {
      "cell_type": "code",
      "source": [
        "LastPrice = np.array([1/p for p in StockData.tail(1).to_numpy()[0]])\n",
        "Initial_Portfolio = np.multiply(mvo_weights, LastPrice)\n",
        "Initial_Portfolio"
      ],
      "metadata": {
        "id": "F38NJRJJgOmj",
        "colab": {
          "base_uri": "https://localhost:8080/"
        },
        "outputId": "f575651b-1e9b-4015-ae71-c9fc2c3a3dae"
      },
      "execution_count": 20,
      "outputs": [
        {
          "output_type": "execute_result",
          "data": {
            "text/plain": [
              "array([4731.545,    0.   ,    0.   ,    0.   ,    0.   ,  579.993,\n",
              "          0.   ,    0.   ,    0.   ,    0.   ,  766.21 ,    0.   ,\n",
              "          0.   ,    0.   ,    0.   ,    0.   ,    0.   ,    0.   ,\n",
              "          0.   ,    0.   ,   85.465,    0.   ,    0.   ,    0.   ,\n",
              "        468.596,  712.801,    0.   ,    0.   ,    0.   ])"
            ]
          },
          "metadata": {},
          "execution_count": 20
        }
      ]
    },
    {
      "cell_type": "code",
      "source": [
        "Portfolio_Assets = TradeData @ Initial_Portfolio\n",
        "MVO_result = pd.DataFrame(Portfolio_Assets, columns=[\"Mean Var\"])\n",
        "# MVO_result"
      ],
      "metadata": {
        "id": "ZAd1iXqZhQ6X"
      },
      "execution_count": 42,
      "outputs": []
    },
    {
      "cell_type": "markdown",
      "source": [
        "# Part 4: DJIA index"
      ],
      "metadata": {
        "id": "I5sgGe7g1HsL"
      }
    },
    {
      "cell_type": "markdown",
      "source": [
        "Add DJIA index as a baseline to compare with."
      ],
      "metadata": {
        "id": "sVe_ufxTY2CW"
      }
    },
    {
      "cell_type": "code",
      "source": [
        "TRAIN_START_DATE = '2009-01-01'\n",
        "TRAIN_END_DATE = '2020-07-01'\n",
        "TRADE_START_DATE = '2020-07-01'\n",
        "TRADE_END_DATE = '2021-10-29'"
      ],
      "metadata": {
        "id": "sACPzsI-6k8q"
      },
      "execution_count": 22,
      "outputs": []
    },
    {
      "cell_type": "code",
      "source": [
        "df_dji = YahooDownloader(start_date = TRADE_START_DATE,\n",
        "                     end_date = TRADE_END_DATE,\n",
        "                     ticker_list = ['dji']).fetch_data()\n",
        "# df_dji"
      ],
      "metadata": {
        "colab": {
          "base_uri": "https://localhost:8080/"
        },
        "id": "TuszW-OB1K0m",
        "outputId": "b89a8350-de58-4fea-8e4b-856efa872712"
      },
      "execution_count": 41,
      "outputs": [
        {
          "output_type": "stream",
          "name": "stdout",
          "text": [
            "\r[*********************100%***********************]  1 of 1 completed\n",
            "Shape of DataFrame:  (319, 8)\n"
          ]
        }
      ]
    },
    {
      "cell_type": "code",
      "source": [
        "df_dji = df_dji[['date','close']]\n",
        "fst_day = df_dji['close'][0]\n",
        "dji = pd.merge(df_dji['date'], df_dji['close'].div(fst_day).mul(1000000), \n",
        "               how='outer', left_index=True, right_index=True).set_index('date')\n",
        "# dji"
      ],
      "metadata": {
        "id": "Q3RXz72U1VbV"
      },
      "execution_count": 25,
      "outputs": []
    },
    {
      "cell_type": "markdown",
      "metadata": {
        "id": "W6vvNSC6h1jZ"
      },
      "source": [
        "<a id='4'></a>\n",
        "# Part 5: Backtesting Results\n",
        "Backtesting plays a key role in evaluating the performance of a trading strategy. Automated backtesting tool is preferred because it reduces the human error. We usually use the Quantopian pyfolio package to backtest our trading strategies. It is easy to use and consists of various individual plots that provide a comprehensive image of the performance of a trading strategy."
      ]
    },
    {
      "cell_type": "code",
      "source": [
        "df_result_a2c = df_account_value_a2c.set_index(df_account_value_a2c.columns[0]) if if_using_a2c else None\n",
        "df_result_ddpg = df_account_value_ddpg.set_index(df_account_value_ddpg.columns[0]) if if_using_ddpg else None\n",
        "df_result_ppo = df_account_value_ppo.set_index(df_account_value_ppo.columns[0]) if if_using_ppo else None\n",
        "df_result_td3 = df_account_value_td3.set_index(df_account_value_td3.columns[0]) if if_using_td3 else None\n",
        "df_result_sac = df_account_value_sac.set_index(df_account_value_sac.columns[0]) if if_using_sac else None\n",
        "\n",
        "result = pd.DataFrame()\n",
        "if if_using_a2c: result = pd.merge(result, df_result_a2c, how='outer', left_index=True, right_index=True)\n",
        "if if_using_ddpg: result = pd.merge(result, df_result_ddpg, how='outer', left_index=True, right_index=True)\n",
        "if if_using_ppo: result = pd.merge(result, df_result_ppo, how='outer', left_index=True, right_index=True)\n",
        "if if_using_td3: result = pd.merge(result, df_result_td3, how='outer', left_index=True, right_index=True)\n",
        "if if_using_sac: result = pd.merge(result, df_result_sac, how='outer', left_index=True, right_index=True)\n",
        "result = pd.merge(result, MVO_result, how='outer', left_index=True, right_index=True)\n",
        "result = pd.merge(result, dji, how='outer', left_index=True, right_index=True).fillna(method='bfill')"
      ],
      "metadata": {
        "id": "KeDeGAc9VrEg"
      },
      "execution_count": 45,
      "outputs": []
    },
    {
      "cell_type": "code",
      "source": [
        "col_name = []\n",
        "col_name.append('A2C') if if_using_a2c else None\n",
        "col_name.append('DDPG') if if_using_ddpg else None\n",
        "col_name.append('PPO') if if_using_ppo else None\n",
        "col_name.append('TD3') if if_using_td3 else None\n",
        "col_name.append('SAC') if if_using_sac else None\n",
        "col_name.append('Mean Var')\n",
        "col_name.append('djia') \n",
        "result.columns = col_name"
      ],
      "metadata": {
        "id": "JvlTVQwsiMyx"
      },
      "execution_count": 46,
      "outputs": []
    },
    {
      "cell_type": "code",
      "source": [
        "result"
      ],
      "metadata": {
        "id": "l4FZxyDt3XaE",
        "colab": {
          "base_uri": "https://localhost:8080/",
          "height": 455
        },
        "outputId": "2e739637-bf88-4698-9cf1-9a526452e465"
      },
      "execution_count": 47,
      "outputs": [
        {
          "output_type": "execute_result",
          "data": {
            "text/plain": [
              "                     A2C      Mean Var          djia\n",
              "date                                                \n",
              "2020-07-01  1.000000e+06  1.001918e+06  1.000000e+06\n",
              "2020-07-02  1.000939e+06  1.004235e+06  1.021449e+06\n",
              "2020-07-06  1.006878e+06  1.023225e+06  1.021449e+06\n",
              "2020-07-07  9.960382e+05  1.014021e+06  1.006031e+06\n",
              "2020-07-08  1.001450e+06  1.029461e+06  1.012912e+06\n",
              "...                  ...           ...           ...\n",
              "2021-10-22  1.860643e+06  1.535668e+06  1.386322e+06\n",
              "2021-10-25  1.862007e+06  1.542078e+06  1.388813e+06\n",
              "2021-10-26  1.871592e+06  1.545514e+06  1.389427e+06\n",
              "2021-10-27  1.844267e+06  1.534916e+06  1.379083e+06\n",
              "2021-10-28           NaN           NaN  1.388401e+06\n",
              "\n",
              "[336 rows x 3 columns]"
            ],
            "text/html": [
              "\n",
              "  <div id=\"df-acad41ed-05ef-44f7-b61c-d77b702c0582\">\n",
              "    <div class=\"colab-df-container\">\n",
              "      <div>\n",
              "<style scoped>\n",
              "    .dataframe tbody tr th:only-of-type {\n",
              "        vertical-align: middle;\n",
              "    }\n",
              "\n",
              "    .dataframe tbody tr th {\n",
              "        vertical-align: top;\n",
              "    }\n",
              "\n",
              "    .dataframe thead th {\n",
              "        text-align: right;\n",
              "    }\n",
              "</style>\n",
              "<table border=\"1\" class=\"dataframe\">\n",
              "  <thead>\n",
              "    <tr style=\"text-align: right;\">\n",
              "      <th></th>\n",
              "      <th>A2C</th>\n",
              "      <th>Mean Var</th>\n",
              "      <th>djia</th>\n",
              "    </tr>\n",
              "    <tr>\n",
              "      <th>date</th>\n",
              "      <th></th>\n",
              "      <th></th>\n",
              "      <th></th>\n",
              "    </tr>\n",
              "  </thead>\n",
              "  <tbody>\n",
              "    <tr>\n",
              "      <th>2020-07-01</th>\n",
              "      <td>1.000000e+06</td>\n",
              "      <td>1.001918e+06</td>\n",
              "      <td>1.000000e+06</td>\n",
              "    </tr>\n",
              "    <tr>\n",
              "      <th>2020-07-02</th>\n",
              "      <td>1.000939e+06</td>\n",
              "      <td>1.004235e+06</td>\n",
              "      <td>1.021449e+06</td>\n",
              "    </tr>\n",
              "    <tr>\n",
              "      <th>2020-07-06</th>\n",
              "      <td>1.006878e+06</td>\n",
              "      <td>1.023225e+06</td>\n",
              "      <td>1.021449e+06</td>\n",
              "    </tr>\n",
              "    <tr>\n",
              "      <th>2020-07-07</th>\n",
              "      <td>9.960382e+05</td>\n",
              "      <td>1.014021e+06</td>\n",
              "      <td>1.006031e+06</td>\n",
              "    </tr>\n",
              "    <tr>\n",
              "      <th>2020-07-08</th>\n",
              "      <td>1.001450e+06</td>\n",
              "      <td>1.029461e+06</td>\n",
              "      <td>1.012912e+06</td>\n",
              "    </tr>\n",
              "    <tr>\n",
              "      <th>...</th>\n",
              "      <td>...</td>\n",
              "      <td>...</td>\n",
              "      <td>...</td>\n",
              "    </tr>\n",
              "    <tr>\n",
              "      <th>2021-10-22</th>\n",
              "      <td>1.860643e+06</td>\n",
              "      <td>1.535668e+06</td>\n",
              "      <td>1.386322e+06</td>\n",
              "    </tr>\n",
              "    <tr>\n",
              "      <th>2021-10-25</th>\n",
              "      <td>1.862007e+06</td>\n",
              "      <td>1.542078e+06</td>\n",
              "      <td>1.388813e+06</td>\n",
              "    </tr>\n",
              "    <tr>\n",
              "      <th>2021-10-26</th>\n",
              "      <td>1.871592e+06</td>\n",
              "      <td>1.545514e+06</td>\n",
              "      <td>1.389427e+06</td>\n",
              "    </tr>\n",
              "    <tr>\n",
              "      <th>2021-10-27</th>\n",
              "      <td>1.844267e+06</td>\n",
              "      <td>1.534916e+06</td>\n",
              "      <td>1.379083e+06</td>\n",
              "    </tr>\n",
              "    <tr>\n",
              "      <th>2021-10-28</th>\n",
              "      <td>NaN</td>\n",
              "      <td>NaN</td>\n",
              "      <td>1.388401e+06</td>\n",
              "    </tr>\n",
              "  </tbody>\n",
              "</table>\n",
              "<p>336 rows × 3 columns</p>\n",
              "</div>\n",
              "      <button class=\"colab-df-convert\" onclick=\"convertToInteractive('df-acad41ed-05ef-44f7-b61c-d77b702c0582')\"\n",
              "              title=\"Convert this dataframe to an interactive table.\"\n",
              "              style=\"display:none;\">\n",
              "        \n",
              "  <svg xmlns=\"http://www.w3.org/2000/svg\" height=\"24px\"viewBox=\"0 0 24 24\"\n",
              "       width=\"24px\">\n",
              "    <path d=\"M0 0h24v24H0V0z\" fill=\"none\"/>\n",
              "    <path d=\"M18.56 5.44l.94 2.06.94-2.06 2.06-.94-2.06-.94-.94-2.06-.94 2.06-2.06.94zm-11 1L8.5 8.5l.94-2.06 2.06-.94-2.06-.94L8.5 2.5l-.94 2.06-2.06.94zm10 10l.94 2.06.94-2.06 2.06-.94-2.06-.94-.94-2.06-.94 2.06-2.06.94z\"/><path d=\"M17.41 7.96l-1.37-1.37c-.4-.4-.92-.59-1.43-.59-.52 0-1.04.2-1.43.59L10.3 9.45l-7.72 7.72c-.78.78-.78 2.05 0 2.83L4 21.41c.39.39.9.59 1.41.59.51 0 1.02-.2 1.41-.59l7.78-7.78 2.81-2.81c.8-.78.8-2.07 0-2.86zM5.41 20L4 18.59l7.72-7.72 1.47 1.35L5.41 20z\"/>\n",
              "  </svg>\n",
              "      </button>\n",
              "      \n",
              "  <style>\n",
              "    .colab-df-container {\n",
              "      display:flex;\n",
              "      flex-wrap:wrap;\n",
              "      gap: 12px;\n",
              "    }\n",
              "\n",
              "    .colab-df-convert {\n",
              "      background-color: #E8F0FE;\n",
              "      border: none;\n",
              "      border-radius: 50%;\n",
              "      cursor: pointer;\n",
              "      display: none;\n",
              "      fill: #1967D2;\n",
              "      height: 32px;\n",
              "      padding: 0 0 0 0;\n",
              "      width: 32px;\n",
              "    }\n",
              "\n",
              "    .colab-df-convert:hover {\n",
              "      background-color: #E2EBFA;\n",
              "      box-shadow: 0px 1px 2px rgba(60, 64, 67, 0.3), 0px 1px 3px 1px rgba(60, 64, 67, 0.15);\n",
              "      fill: #174EA6;\n",
              "    }\n",
              "\n",
              "    [theme=dark] .colab-df-convert {\n",
              "      background-color: #3B4455;\n",
              "      fill: #D2E3FC;\n",
              "    }\n",
              "\n",
              "    [theme=dark] .colab-df-convert:hover {\n",
              "      background-color: #434B5C;\n",
              "      box-shadow: 0px 1px 3px 1px rgba(0, 0, 0, 0.15);\n",
              "      filter: drop-shadow(0px 1px 2px rgba(0, 0, 0, 0.3));\n",
              "      fill: #FFFFFF;\n",
              "    }\n",
              "  </style>\n",
              "\n",
              "      <script>\n",
              "        const buttonEl =\n",
              "          document.querySelector('#df-acad41ed-05ef-44f7-b61c-d77b702c0582 button.colab-df-convert');\n",
              "        buttonEl.style.display =\n",
              "          google.colab.kernel.accessAllowed ? 'block' : 'none';\n",
              "\n",
              "        async function convertToInteractive(key) {\n",
              "          const element = document.querySelector('#df-acad41ed-05ef-44f7-b61c-d77b702c0582');\n",
              "          const dataTable =\n",
              "            await google.colab.kernel.invokeFunction('convertToInteractive',\n",
              "                                                     [key], {});\n",
              "          if (!dataTable) return;\n",
              "\n",
              "          const docLinkHtml = 'Like what you see? Visit the ' +\n",
              "            '<a target=\"_blank\" href=https://colab.research.google.com/notebooks/data_table.ipynb>data table notebook</a>'\n",
              "            + ' to learn more about interactive tables.';\n",
              "          element.innerHTML = '';\n",
              "          dataTable['output_type'] = 'display_data';\n",
              "          await google.colab.output.renderOutput(dataTable, element);\n",
              "          const docLink = document.createElement('div');\n",
              "          docLink.innerHTML = docLinkHtml;\n",
